DATE	USAF	TEMP_F	TEMP_C	REF_TEMP_C	DIFF_C
1/1/1952	29740	28.34782609	-2.028985507	-4.936650062	2.907664555
1/1/1953	29740	22.19008264	-5.449954086	-4.936650062	-0.513304024
1/1/1954	29740	19.86440678	-6.741996234	-4.936650062	-1.805346171
1/1/1955	29740	22.58333333	-5.231481481	-4.936650062	-0.294831419
1/1/1956	29740	18.25423729	-7.63653484	-4.936650062	-2.699884778
1/1/1957	29740	27.50413223	-2.497704316	-4.936650062	2.438945746
1/1/1958	29740	16.99193548	-8.33781362	-4.936650062	-3.401163558
1/1/1959	29740	23.02542373	-4.985875706	-4.936650062	-0.049225644
1/1/1960	29740	13.20465116	-10.44186047	-4.936650062	-5.505210403
1/1/1961	29740	25.32888889	-3.70617284	-4.936650062	1.230477223
1/1/1962	29740	25.43668122	-3.64628821	-4.936650062	1.290361853
1/1/1963	29740	14.25311203	-9.859382204	-4.936650062	-4.922732142
1/1/1973	29740	28.48553055	-1.95248303	-4.936650062	2.984167033
1/1/1974	29740	26.9625	-2.798611111	-4.936650062	2.138038951
1/1/1975	29740	29.61632391	-1.324264496	-4.936650062	3.612385566
1/1/1976	29740	14.20060606	-9.888552189	-4.936650062	-4.951902126
1/1/1977	29740	20.35803201	-6.467759995	-4.936650062	-1.531109932
1/1/1978	29740	21.70212766	-5.721040189	-4.936650062	-0.784390127
1/1/1979	29740	16.51213736	-8.604368134	-4.936650062	-3.667718071
1/1/1980	29740	16.12404468	-8.819975178	-4.936650062	-3.883325116
1/1/1981	29740	24.64477884	-4.086233977	-4.936650062	0.850416085
1/1/1982	29740	13.57296651	-10.23724083	-4.936650062	-5.300590767
1/1/1983	29740	29.28553538	-1.508035901	-4.936650062	3.428614162
1/1/1984	29740	24.20916215	-4.328243252	-4.936650062	0.60840681
1/1/1985	29740	4.263931415	-15.40892699	-4.936650062	-10.47227693
1/1/1986	29740	18.14766355	-7.695742471	-4.936650062	-2.759092409
1/1/1987	29740	-0.645057766	-18.1361432	-4.936650062	-13.19949314
1/1/1988	29740	27.4040025	-2.553331944	-4.936650062	2.383318119
1/1/1989	29740	31.55333749	-0.248145838	-4.936650062	4.688504225
1/1/1990	29740	25.03089037	-3.871727573	-4.936650062	1.06492249
1/1/1991	29740	26.59234508	-3.004252734	-4.936650062	1.932397328
1/1/1992	29740	29.1079646	-1.606686332	-4.936650062	3.32996373
1/1/1993	29740	28.82096584	-1.766130088	-4.936650062	3.170519975
1/1/1994	29740	25.20533643	-3.774813096	-4.936650062	1.161836966
1/1/1995	29740	26.49088542	-3.060619213	-4.936650062	1.876030849
1/1/1996	29740	21.48900388	-5.839442288	-4.936650062	-0.902792226
1/1/1997	29740	24.68650794	-4.063051146	-4.936650062	0.873598916
1/1/1998	29740	29.11690141	-1.60172144	-4.936650062	3.334928622
1/1/1999	29740	22.55420054	-5.247666366	-4.936650062	-0.311016303
1/1/2000	29740	27.02828283	-2.762065095	-4.936650062	2.174584967
1/1/2001	29740	28.20731707	-2.10704607	-4.936650062	2.829603992
1/1/2002	29740	25.79387755	-3.447845805	-4.936650062	1.488804257
1/1/2003	29740	14.50352526	-9.720263742	-4.936650062	-4.78361368
1/1/2004	29740	19.2553066	-7.08038522	-4.936650062	-2.143735158
1/1/2005	29740	30.06018519	-1.077674897	-4.936650062	3.858975165
1/1/2006	29740	23.46565934	-4.741300366	-4.936650062	0.195349696
1/1/2007	29740	27.71318182	-2.381565657	-4.936650062	2.555084406
1/1/2008	29740	31.53390211	-0.258943272	-4.936650062	4.67770679
1/1/2009	29740	24.76774483	-4.017919537	-4.936650062	0.918730525
1/1/2010	29740	9.56059246	-12.46633752	-4.936650062	-7.52968746
1/1/2011	29740	22.23394701	-5.425584992	-4.936650062	-0.48893493
1/1/2012	29740	22.97174888	-5.015695067	-4.936650062	-0.079045005
1/1/2013	29740	21.39901035	-5.889438696	-4.936650062	-0.952788634
1/1/2014	29740	18.52745275	-7.484748475	-4.936650062	-2.548098413
1/1/2015	29740	28.54102921	-1.92165044	-4.936650062	3.014999622
1/1/2016	29740	13.60682226	-10.21843208	-4.936650062	-5.281782014
1/1/2017	29740	26.85296763	-2.85946243	-4.936650062	2.077187632
1/1/2018	29740	28.07353609	-2.18136884	-4.936650062	2.755281222
1/1/2019	29740	20.69838337	-6.278675905	-4.936650062	-1.342025842
2/1/1952	29740	24.91071429	-3.938492063	-5.656795385	1.718303322
2/1/1953	29740	16.24324324	-8.753753754	-5.656795385	-3.096958369
2/1/1954	29740	11.50925926	-11.38374486	-5.656795385	-5.726949471
2/1/1955	29740	16.76851852	-8.461934156	-5.656795385	-2.805138771
2/1/1956	29740	6.831775701	-13.98234683	-5.656795385	-8.325551448
2/1/1957	29740	26.68571429	-2.952380952	-5.656795385	2.704414433
2/1/1958	29740	14.92857143	-9.484126984	-5.656795385	-3.827331599
2/1/1959	29740	27.85572139	-2.302377004	-5.656795385	3.354418381
2/1/1960	29740	15.74519231	-9.030448718	-5.656795385	-3.373653333
2/1/1961	29740	31.35377358	-0.359014675	-5.656795385	5.29778071
2/1/1962	29740	22.73023256	-5.149870801	-5.656795385	0.506924584
2/1/1963	29740	12.56018519	-10.79989712	-5.656795385	-5.143101734
2/1/1973	29740	24.54963504	-4.139091646	-5.656795385	1.517703739
2/1/1974	29740	31.21674877	-0.435139573	-5.656795385	5.221655812
2/1/1975	29740	26.66850069	-2.961944062	-5.656795385	2.694851323
2/1/1976	29740	19.26214834	-7.076584257	-5.656795385	-1.419788872
2/1/1977	29740	16.09567497	-8.835736129	-5.656795385	-3.178940744
2/1/1978	29740	11.53034301	-11.37203166	-5.656795385	-5.715236277
2/1/1979	29740	14.53887043	-9.700627538	-5.656795385	-4.043832153
2/1/1980	29740	16.43301759	-8.64832356	-5.656795385	-2.991528175
2/1/1981	29740	21.03500761	-6.091662439	-5.656795385	-0.434867053
2/1/1982	29740	21.58494337	-5.786142572	-5.656795385	-0.129347186
2/1/1983	29740	17.49094708	-8.060584958	-5.656795385	-2.403789573
2/1/1984	29740	21.94774194	-5.584587814	-5.656795385	0.072207572
2/1/1985	29740	5.171896317	-14.90450205	-5.656795385	-9.247706661
2/1/1986	29740	11.11035422	-11.60535876	-5.656795385	-5.94856338
2/1/1987	29740	19.83309859	-6.759389671	-5.656795385	-1.102594286
2/1/1988	29740	24.83029909	-3.983167172	-5.656795385	1.673628213
2/1/1989	29740	32.79542396	0.441902198	-5.656795385	6.098697584
2/1/1990	29740	34.22364865	1.23536036	-5.656795385	6.892155746
2/1/1991	29740	20.73553163	-6.258037984	-5.656795385	-0.601242599
2/1/1992	29740	28.34807692	-2.028846154	-5.656795385	3.627949231
2/1/1993	29740	27.21551724	-2.658045977	-5.656795385	2.998749408
2/1/1994	29740	8.652542373	-12.97080979	-5.656795385	-7.314014408
2/1/1995	29740	31.36796537	-0.351130351	-5.656795385	5.305665034
2/1/1996	29740	13.79545455	-10.11363636	-5.656795385	-4.456840978
2/1/1997	29740	26.31457431	-3.158569825	-5.656795385	2.49822556
2/1/1998	29740	23.8538206	-4.525655223	-5.656795385	1.131140162
2/1/1999	29740	20.02325581	-6.65374677	-5.656795385	-0.996951385
2/1/2000	29740	27.73072862	-2.371817435	-5.656795385	3.28497795
2/1/2001	29740	17.85234899	-7.859806115	-5.656795385	-2.20301073
2/1/2002	29740	30.56723164	-0.795982423	-5.656795385	4.860812962
2/1/2003	29740	21.58437295	-5.786459473	-5.656795385	-0.129664088
2/1/2004	29740	23.16030056	-4.910944131	-5.656795385	0.745851254
2/1/2005	29740	21.83301466	-5.648325189	-5.656795385	0.008470196
2/1/2006	29740	15.60120542	-9.110441431	-5.656795385	-3.453646046
2/1/2007	29740	14.6958711	-9.613404946	-5.656795385	-3.95660956
2/1/2008	29740	32.44916911	0.249538395	-5.656795385	5.90633378
2/1/2009	29740	23.02590932	-4.985605935	-5.656795385	0.67118945
2/1/2010	29740	15.7027972	-9.054001554	-5.656795385	-3.397206169
2/1/2011	29740	10.72731805	-11.81815664	-5.656795385	-6.161361256
2/1/2012	29740	17.42054729	-8.099695951	-5.656795385	-2.442900566
2/1/2013	29740	27.16902119	-2.683877116	-5.656795385	2.972918269
2/1/2014	29740	31.37680438	-0.346219789	-5.656795385	5.310575597
2/1/2015	29740	32.15936255	0.08853475	-5.656795385	5.745330135
2/1/2016	29740	31.15781783	-0.467878985	-5.656795385	5.188916401
2/1/2017	29740	26.23546945	-3.202516973	-5.656795385	2.454278412
2/1/2018	29740	16.42594433	-8.652253148	-5.656795385	-2.995457763
2/1/2019	29740	31.47441629	-0.291990948	-5.656795385	5.364804438
3/1/1952	29740	14.31932773	-9.822595705	-1.881240312	-7.941355393
3/1/1953	29740	30.70689655	-0.718390805	-1.881240312	1.162849507
3/1/1954	29740	29.49586777	-1.391184573	-1.881240312	0.490055739
3/1/1955	29740	21.94308943	-5.587172538	-1.881240312	-3.705932227
3/1/1956	29740	24.16393443	-4.353369763	-1.881240312	-2.472129452
3/1/1957	29740	19.30434783	-7.053140097	-1.881240312	-5.171899785
3/1/1958	29740	18.2983871	-7.612007168	-1.881240312	-5.730766857
3/1/1959	29740	32.6512605	0.361811391	-1.881240312	2.243051703
3/1/1960	29740	23.59174312	-4.671253823	-1.881240312	-2.790013511
3/1/1961	29740	32.73819742	0.41010968	-1.881240312	2.291349992
3/1/1962	29740	18.37711864	-7.56826742	-1.881240312	-5.687027108
3/1/1963	29740	16.26293103	-8.742816092	-1.881240312	-6.86157578
3/1/1973	29740	30.05990783	-1.077828981	-1.881240312	0.803411331
3/1/1974	29740	29.88481675	-1.175101803	-1.881240312	0.706138508
3/1/1975	29740	31.57520453	-0.235997483	-1.881240312	1.645242829
3/1/1976	29740	23.39573171	-4.780149051	-1.881240312	-2.89890874
3/1/1977	29740	28.22756598	-2.095796676	-1.881240312	-0.214556365
3/1/1978	29740	27.30118343	-2.610453649	-1.881240312	-0.729213337
3/1/1979	29740	28.94366197	-1.697965571	-1.881240312	0.18327474
3/1/1980	29740	21.23995201	-5.977804439	-1.881240312	-4.096564128
3/1/1981	29740	21.07802469	-6.06776406	-1.881240312	-4.186523749
3/1/1982	29740	31.31164179	-0.382421227	-1.881240312	1.498819084
3/1/1983	29740	27.3153753	-2.602569276	-1.881240312	-0.721328965
3/1/1984	29740	24.66928183	-4.072621203	-1.881240312	-2.191380891
3/1/1985	29740	27.51744886	-2.490306191	-1.881240312	-0.609065879
3/1/1986	29740	30.05823958	-1.078755791	-1.881240312	0.802484521
3/1/1987	29740	20.97467573	-6.125180152	-1.881240312	-4.243939841
3/1/1988	29740	26.3993808	-3.111455108	-1.881240312	-1.230214797
3/1/1989	29740	34.83476658	1.574870325	-1.881240312	3.456110636
3/1/1990	29740	34.69685767	1.498254262	-1.881240312	3.379494573
3/1/1991	29740	30.88145897	-0.621411685	-1.881240312	1.259828626
3/1/1992	29740	33.57193396	0.873296646	-1.881240312	2.754536957
3/1/1993	29740	30.81328546	-0.659285857	-1.881240312	1.221954455
3/1/1994	29740	27.59016393	-2.449908925	-1.881240312	-0.568668614
3/1/1995	29740	32.44499382	0.247218789	-1.881240312	2.1284591
3/1/1996	29740	26.20212766	-3.221040189	-1.881240312	-1.339799878
3/1/1997	29740	30.5731383	-0.792700946	-1.881240312	1.088539366
3/1/1998	29740	24.25307798	-4.303845569	-1.881240312	-2.422605258
3/1/1999	29740	29.83759591	-1.201335607	-1.881240312	0.679904705
3/1/2000	29740	30.77477477	-0.680680681	-1.881240312	1.200559631
3/1/2001	29740	25.62449393	-3.541947818	-1.881240312	-1.660707507
3/1/2002	29740	32.67477204	0.374873354	-1.881240312	2.256113665
3/1/2003	29740	29.55239787	-1.359778962	-1.881240312	0.52146135
3/1/2004	29740	29.69763314	-1.279092702	-1.881240312	0.602147609
3/1/2005	29740	20.51541594	-6.380324478	-1.881240312	-4.499084166
3/1/2006	29740	20.09419296	-6.614337245	-1.881240312	-4.733096934
3/1/2007	29740	37.29539171	2.941884281	-1.881240312	4.823124592
3/1/2008	29740	31.02921348	-0.539325843	-1.881240312	1.341914469
3/1/2009	29740	28.90533088	-1.719260621	-1.881240312	0.161979691
3/1/2010	29740	27.22593764	-2.652256866	-1.881240312	-0.771016554
3/1/2011	29740	29.02134423	-1.65480876	-1.881240312	0.226431552
3/1/2012	29740	31.75146067	-0.138077403	-1.881240312	1.743162908
3/1/2013	29740	19.91719457	-6.712669683	-1.881240312	-4.831429372
3/1/2014	29740	34.79181655	1.551009193	-1.881240312	3.432249504
3/1/2015	29740	35.09303371	1.71835206	-1.881240312	3.599592372
3/1/2016	29740	32.25771325	0.143174027	-1.881240312	2.024414339
3/1/2017	29740	33.22814881	0.682304896	-1.881240312	2.563545207
3/1/2018	29740	23.18317503	-4.898236092	-1.881240312	-3.016995781
3/1/2019	29740	31.57976299	-0.233465006	-1.881240312	1.647775306
4/1/1952	29740	39.36440678	4.0913371	3.927529609	0.163807491
4/1/1953	29740	40.16239316	4.534662868	3.927529609	0.607133259
4/1/1954	29740	34.65789474	1.476608187	3.927529609	-2.450921421
4/1/1955	29740	30.15929204	-1.022615536	3.927529609	-4.950145144
4/1/1956	29740	31.31355932	-0.381355932	3.927529609	-4.308885541
4/1/1957	29740	35.47272727	1.929292929	3.927529609	-1.998236679
4/1/1958	29740	33.88333333	1.046296296	3.927529609	-2.881233312
4/1/1959	29740	39.03389831	3.907721281	3.927529609	-0.019808328
4/1/1960	29740	35.1875	1.770833333	3.927529609	-2.156696275
4/1/1961	29740	36.5890411	2.549467275	3.927529609	-1.378062333
4/1/1962	29740	38.80851064	3.78250591	3.927529609	-0.145023698
4/1/1963	29740	37.39035088	2.994639376	3.927529609	-0.932890232
4/1/1973	29740	36.91027308	2.72792949	3.927529609	-1.199600119
4/1/1974	29740	36.97658863	2.76477146	3.927529609	-1.162758148
4/1/1975	29740	37.92432083	3.291289349	3.927529609	-0.63624026
4/1/1976	29740	35.9204043	2.178002386	3.927529609	-1.749527222
4/1/1977	29740	35.21791768	1.787732042	3.927529609	-2.139797567
4/1/1978	29740	35.69509044	2.052828022	3.927529609	-1.874701587
4/1/1979	29740	35.18523077	1.76957265	3.927529609	-2.157956959
4/1/1980	29740	40.515625	4.730902778	3.927529609	0.803373169
4/1/1981	29740	35.24025157	1.800139762	3.927529609	-2.127389846
4/1/1982	29740	36.8334377	2.685243164	3.927529609	-1.242286444
4/1/1983	29740	41.29463722	5.163687347	3.927529609	1.236157738
4/1/1984	29740	40.35965453	4.644252519	3.927529609	0.71672291
4/1/1985	29740	34.02542912	1.125238398	3.927529609	-2.802291211
4/1/1986	29740	33.85333333	1.02962963	3.927529609	-2.897899979
4/1/1987	29740	36.77449749	2.652498604	3.927529609	-1.275031004
4/1/1988	29740	34.90964262	1.61646812	3.927529609	-2.311061488
4/1/1989	29740	41.83249052	5.462494732	3.927529609	1.534965124
4/1/1990	29740	43.37507827	6.319487929	3.927529609	2.39195832
4/1/1991	29740	38.59363057	3.663128096	3.927529609	-0.264401512
4/1/1992	29740	35.68404908	2.046693933	3.927529609	-1.880835675
4/1/1993	29740	38.78400504	3.768891688	3.927529609	-0.158637921
4/1/1994	29740	41.2055336	5.114185332	3.927529609	1.186655723
4/1/1995	29740	37.92183288	3.289907158	3.927529609	-0.637622451
4/1/1996	29740	37.72282609	3.179347826	3.927529609	-0.748181782
4/1/1997	29740	35.54281768	1.968232044	3.927529609	-1.959297564
4/1/1998	29740	37.24142661	2.911903673	3.927529609	-1.015625935
4/1/1999	29740	42.3861518	5.770084332	3.927529609	1.842554723
4/1/2000	29740	43.47979275	6.377662637	3.927529609	2.450133028
4/1/2001	29740	42.0408377	5.578243165	3.927529609	1.650713556
4/1/2002	29740	42.43940991	5.79967217	3.927529609	1.872142561
4/1/2003	29740	36.73349633	2.629720185	3.927529609	-1.297809424
4/1/2004	29740	39.99640503	4.442447241	3.927529609	0.514917632
4/1/2005	29740	39.86097852	4.367210289	3.927529609	0.43968068
4/1/2006	29740	38.77860465	3.765891473	3.927529609	-0.161638136
4/1/2007	29740	41.31628344	5.175713019	3.927529609	1.248183411
4/1/2008	29740	43.34142924	6.300794021	3.927529609	2.373264413
4/1/2009	29740	40.20009285	4.555607139	3.927529609	0.628077531
4/1/2010	29740	40.31854274	4.621412632	3.927529609	0.693883023
4/1/2011	29740	42.75070159	5.972611995	3.927529609	2.045082386
4/1/2012	29740	39.02376514	3.902091747	3.927529609	-0.025437862
4/1/2013	29740	36.94057567	2.744764263	3.927529609	-1.182765346
4/1/2014	29740	42.09846725	5.610259586	3.927529609	1.682729978
4/1/2015	29740	37.59104938	3.106138546	3.927529609	-0.821391063
4/1/2016	29740	40.54271123	4.745950686	3.927529609	0.818421077
4/1/2017	29740	36.1268201	2.292677835	3.927529609	-1.634851773
4/1/2018	29740	40.89541473	4.941897075	3.927529609	1.014367466
4/1/2019	29740	43.46407047	6.368928038	3.927529609	2.441398429
5/1/1952	29740	44.93277311	7.18487395	10.42187824	-3.237004291
5/1/1953	29740	48.65322581	9.251792115	10.42187824	-1.170086126
5/1/1954	29740	52.26229508	11.2568306	10.42187824	0.83495236
5/1/1955	29740	43.06557377	6.147540984	10.42187824	-4.274337257
5/1/1956	29740	47.86178862	8.812104788	10.42187824	-1.609773453
5/1/1957	29740	47.44859813	8.582554517	10.42187824	-1.839323724
5/1/1958	29740	46.76612903	8.203405018	10.42187824	-2.218473223
5/1/1959	29740	49.45614035	9.69785575	10.42187824	-0.72402249
5/1/1960	29740	51.72123894	10.95624385	10.42187824	0.534365614
5/1/1961	29740	49.8375	9.909722222	10.42187824	-0.512156019
5/1/1962	29740	47.39583333	8.553240741	10.42187824	-1.8686375
5/1/1963	29740	55.7605042	13.20028011	10.42187824	2.778401871
5/1/1973	29740	49.56751986	9.759733255	10.42187824	-0.662144986
5/1/1974	29740	44.90966921	7.172038451	10.42187824	-3.24983979
5/1/1975	29740	53.3483871	11.86021505	10.42187824	1.438336813
5/1/1976	29740	52.0942029	11.16344605	10.42187824	0.741567814
5/1/1977	29740	49.04727273	9.470707071	10.42187824	-0.95117117
5/1/1978	29740	51.31669747	10.7314986	10.42187824	0.309620356
5/1/1979	29740	51.07674282	10.59819046	10.42187824	0.176312217
5/1/1980	29740	44.34219269	6.856773717	10.42187824	-3.565104524
5/1/1981	29740	51.88452237	11.04695687	10.42187824	0.625078631
5/1/1982	29740	48.51446154	9.174700855	10.42187824	-1.247177386
5/1/1983	29740	52.84455324	11.58030736	10.42187824	1.158429117
5/1/1984	29740	55.19521179	12.88622877	10.42187824	2.464350529
5/1/1985	29740	49.17487374	9.541596521	10.42187824	-0.88028172
5/1/1986	29740	51.96199525	11.08999736	10.42187824	0.66811912
5/1/1987	29740	47.30950901	8.505282784	10.42187824	-1.916595457
5/1/1988	29740	53.83202417	12.12890232	10.42187824	1.707024075
5/1/1989	29740	51.83674736	11.0204152	10.42187824	0.59853696
5/1/1990	29740	49.74429772	9.857943177	10.42187824	-0.563935064
5/1/1991	29740	46.50639075	8.059105971	10.42187824	-2.362772269
5/1/1992	29740	52.69534473	11.49741374	10.42187824	1.075535496
5/1/1993	29740	56.18373318	13.43540732	10.42187824	3.01352908
5/1/1994	29740	47.24699599	8.47055333	10.42187824	-1.951324911
5/1/1995	29740	48.2740448	9.041135998	10.42187824	-1.380742243
5/1/1996	29740	48.52493438	9.180519102	10.42187824	-1.241359139
5/1/1997	29740	47.16212534	8.423402967	10.42187824	-1.998475274
5/1/1998	29740	50.69429348	10.3857186	10.42187824	-0.036159642
5/1/1999	29740	46.60106383	8.111702128	10.42187824	-2.310176113
5/1/2000	29740	51.69018405	10.93899114	10.42187824	0.517112897
5/1/2001	29740	49.60554371	9.780857617	10.42187824	-0.641020624
5/1/2002	29740	53.74236253	12.07909029	10.42187824	1.657212051
5/1/2003	29740	49.86682521	9.926014004	10.42187824	-0.495864236
5/1/2004	29740	50.24824766	10.13791537	10.42187824	-0.283962872
5/1/2005	29740	50.52449568	10.29138649	10.42187824	-0.130491754
5/1/2006	29740	51.13519603	10.63066446	10.42187824	0.208786223
5/1/2007	29740	51.85855411	11.03253006	10.42187824	0.610651819
5/1/2008	29740	51.41647906	10.78693281	10.42187824	0.365054572
5/1/2009	29740	52.66022472	11.47790262	10.42187824	1.056024381
5/1/2010	29740	53.84618959	12.136772	10.42187824	1.714893754
5/1/2011	29740	51.22962629	10.68312572	10.42187824	0.261247478
5/1/2012	29740	51.86600379	11.03666877	10.42187824	0.61479053
5/1/2013	29740	56.12494362	13.40274645	10.42187824	2.980868213
5/1/2014	29740	51.51666667	10.84259259	10.42187824	0.420714352
5/1/2015	29740	49.25852783	9.588071015	10.42187824	-0.833807226
5/1/2016	29740	57.26612171	14.03673428	10.42187824	3.614856041
5/1/2017	29740	49.49188688	9.717714933	10.42187824	-0.704163308
5/1/2018	29740	58.51636541	14.73131412	10.42187824	4.309435877
5/1/2019	29740	49.56510417	9.758391204	10.42187824	-0.663487037
6/1/1952	29740	56.32758621	13.51532567	14.57887996	-1.063554293
6/1/1953	29740	62.49137931	16.93965517	14.57887996	2.360775209
6/1/1954	29740	56.74137931	13.74521073	14.57887996	-0.833669235
6/1/1955	29740	54.23275862	12.35153257	14.57887996	-2.227347396
6/1/1956	29740	60.6460177	15.91445428	14.57887996	1.335574314
6/1/1957	29740	54.25242718	12.36245955	14.57887996	-2.216420416
6/1/1958	29740	56.10833333	13.39351852	14.57887996	-1.185361445
6/1/1959	29740	59.09251101	15.05139501	14.57887996	0.472515044
6/1/1960	29740	61.43601896	16.35334387	14.57887996	1.774463902
6/1/1961	29740	62.35242291	16.86245717	14.57887996	2.283577208
6/1/1962	29740	53.50431034	11.94683908	14.57887996	-2.632040883
6/1/1963	29740	58.7239819	14.84665661	14.57887996	0.267776648
6/1/1973	29740	62.0615491	16.70086061	14.57887996	2.121980648
6/1/1974	29740	57.85265226	14.36258459	14.57887996	-0.216295375
6/1/1975	29740	56.65866321	13.69925734	14.57887996	-0.879622627
6/1/1976	29740	55.17635904	12.87575502	14.57887996	-1.703124942
6/1/1977	29740	57.60573716	14.22540953	14.57887996	-0.353470431
6/1/1978	29740	58.59567705	14.77537614	14.57887996	0.196496176
6/1/1979	29740	60.92215945	16.06786636	14.57887996	1.488986396
6/1/1980	29740	61.25643382	16.25357435	14.57887996	1.674694383
6/1/1981	29740	55.52231301	13.06795167	14.57887996	-1.510928291
6/1/1982	29740	52.7944339	11.55246328	14.57887996	-3.026416684
6/1/1983	29740	56.70992862	13.72773812	14.57887996	-0.851141842
6/1/1984	29740	57.21428571	14.00793651	14.57887996	-0.570943455
6/1/1985	29740	56.29923761	13.49957645	14.57887996	-1.079303513
6/1/1986	29740	62.29843953	16.83246641	14.57887996	2.253586443
6/1/1987	29740	54.68285913	12.6015884	14.57887996	-1.97729156
6/1/1988	29740	60.76966748	15.9831486	14.57887996	1.404268635
6/1/1989	29740	61.10464396	16.16924665	14.57887996	1.590366683
6/1/1990	29740	57.92918719	14.405104	14.57887996	-0.173775968
6/1/1991	29740	55.27616099	12.93120055	14.57887996	-1.647679413
6/1/1992	29740	60.92628993	16.07016107	14.57887996	1.491281107
6/1/1993	29740	54.01284404	12.2293578	14.57887996	-2.349522165
6/1/1994	29740	55.00686813	12.78159341	14.57887996	-1.797286557
6/1/1995	29740	63.57458564	17.54143646	14.57887996	2.962556501
6/1/1996	29740	56.44413408	13.58007449	14.57887996	-0.998805475
6/1/1997	29740	61.85264664	16.58480369	14.57887996	2.005923725
6/1/1998	29740	58.17189632	14.5399424	14.57887996	-0.038937565
6/1/1999	29740	65.39693593	18.5538533	14.57887996	3.974973333
6/1/2000	29740	58.06190976	14.47883875	14.57887996	-0.100041208
6/1/2001	29740	57.74643249	14.30357361	14.57887996	-0.275306357
6/1/2002	29740	60.93514461	16.07508034	14.57887996	1.496200376
6/1/2003	29740	55.71782477	13.17656932	14.57887996	-1.402310645
6/1/2004	29740	55.53534743	13.07519302	14.57887996	-1.503686946
6/1/2005	29740	57.40442055	14.11356697	14.57887996	-0.465312991
6/1/2006	29740	61.28664193	16.27035663	14.57887996	1.691476664
6/1/2007	29740	60.08632758	15.60351532	14.57887996	1.024635358
6/1/2008	29740	58.1620738	14.53448544	14.57887996	-0.04439452
6/1/2009	29740	57.40813464	14.11563036	14.57887996	-0.463249606
6/1/2010	29740	58.92790262	14.9599459	14.57887996	0.381065938
6/1/2011	29740	63.27234637	17.37352576	14.57887996	2.794645797
6/1/2012	29740	56.59700772	13.66500429	14.57887996	-0.913875673
6/1/2013	29740	64.17369152	17.87427307	14.57887996	3.295393106
6/1/2014	29740	56.40651163	13.55917313	14.57887996	-1.019706837
6/1/2015	29740	56.51366373	13.61870207	14.57887996	-0.960177889
6/1/2016	29740	59.79721578	15.44289765	14.57887996	0.864017691
6/1/2017	29740	56.40037244	13.55576247	14.57887996	-1.023117497
6/1/2018	29740	60.02698574	15.57054764	14.57887996	0.991667672
6/1/2019	29740	63.90589888	17.72549938	14.57887996	3.146619412
7/1/1952	29740	61.1322314	16.184573	17.63977903	-1.455206026
7/1/1953	29740	62.94067797	17.18926554	17.63977903	-0.450513492
7/1/1954	29740	62.45454545	16.91919192	17.63977903	-0.72058711
7/1/1955	29740	64.69230769	18.16239316	17.63977903	0.522614134
7/1/1956	29740	59.71900826	15.39944904	17.63977903	-2.240329993
7/1/1957	29740	64.15447154	17.8635953	17.63977903	0.223816274
7/1/1958	29740	59.63709677	15.35394265	17.63977903	-2.285836377
7/1/1959	29740	64.14096916	17.85609398	17.63977903	0.216314951
7/1/1960	29740	64.46568627	18.03649237	17.63977903	0.396713346
7/1/1961	29740	60.57826087	15.87681159	17.63977903	-1.762967435
7/1/1962	29740	58.3164557	14.62025316	17.63977903	-3.019525864
7/1/1963	29740	62.25523013	16.80846118	17.63977903	-0.831317848
7/1/1973	29740	67.73440644	19.85244802	17.63977903	2.212668993
7/1/1974	29740	60.34874759	15.74930422	17.63977903	-1.890474811
7/1/1975	29740	64.02801303	17.79334057	17.63977903	0.153561543
7/1/1976	29740	60.39628483	15.77571379	17.63977903	-1.864065235
7/1/1977	29740	58.78427788	14.88015438	17.63977903	-2.759624651
7/1/1978	29740	59.31479218	15.17488454	17.63977903	-2.464894487
7/1/1979	29740	58.70335491	14.83519717	17.63977903	-2.804581854
7/1/1980	29740	62.14319249	16.74621805	17.63977903	-0.89356098
7/1/1981	29740	61.77179177	16.53988432	17.63977903	-1.099894714
7/1/1982	29740	62.84032059	17.13351144	17.63977903	-0.506267589
7/1/1983	29740	64.28661616	17.93700898	17.63977903	0.29722995
7/1/1984	29740	59.38452237	15.21362354	17.63977903	-2.42615549
7/1/1985	29740	60.41419753	15.78566529	17.63977903	-1.854113734
7/1/1986	29740	63.05771644	17.25428691	17.63977903	-0.38549212
7/1/1987	29740	59.65174739	15.36208189	17.63977903	-2.277697143
7/1/1988	29740	67.0984081	19.49911561	17.63977903	1.859336585
7/1/1989	29740	63.47548107	17.48637837	17.63977903	-0.153400658
7/1/1990	29740	60.58823529	15.88235294	17.63977903	-1.757426088
7/1/1991	29740	63.98812352	17.77117973	17.63977903	0.131400702
7/1/1992	29740	62.23941176	16.7996732	17.63977903	-0.840105826
7/1/1993	29740	61.03494624	16.13052569	17.63977903	-1.509253342
7/1/1994	29740	67.69241012	19.82911673	17.63977903	2.189337704
7/1/1995	29740	60.96679947	16.09266637	17.63977903	-1.547112657
7/1/1996	29740	58.54752343	14.74862413	17.63977903	-2.891154903
7/1/1997	29740	65.34370771	18.52428206	17.63977903	0.884503034
7/1/1998	29740	61.27896996	16.26609442	17.63977903	-1.373684608
7/1/1999	29740	66.78342246	19.32412359	17.63977903	1.68434456
7/1/2000	29740	62.52235772	16.9568654	17.63977903	-0.682913627
7/1/2001	29740	68.94929881	20.52738823	17.63977903	2.887609201
7/1/2002	29740	66.9076087	19.39311594	17.63977903	1.753336913
7/1/2003	29740	68.59315148	20.3295286	17.63977903	2.689749571
7/1/2004	29740	61.48522459	16.38068033	17.63977903	-1.259098703
7/1/2005	29740	66.44723295	19.13735164	17.63977903	1.497572608
7/1/2006	29740	66.15656109	18.97586727	17.63977903	1.336088241
7/1/2007	29740	63.12798558	17.29332532	17.63977903	-0.346453707
7/1/2008	29740	62.78278504	17.10154724	17.63977903	-0.538231785
7/1/2009	29740	62.85919283	17.14399601	17.63977903	-0.495783015
7/1/2010	29740	72.2723174	22.37350967	17.63977903	4.73373064
7/1/2011	29740	69.43292956	20.79607198	17.63977903	3.156292952
7/1/2012	29740	64.31173539	17.9509641	17.63977903	0.311185075
7/1/2013	29740	64.53707865	18.07615481	17.63977903	0.436375778
7/1/2014	29740	68.37255793	20.20697663	17.63977903	2.567197598
7/1/2015	29740	60.99009455	16.10560808	17.63977903	-1.534170944
7/1/2016	29740	63.567713	17.53761834	17.63977903	-0.102160693
7/1/2017	29740	60.51032316	15.83906842	17.63977903	-1.800710607
7/1/2018	29740	69.81932367	21.01073537	17.63977903	3.370956344
7/1/2019	29740	62.67458539	17.04143633	17.63977903	-0.598342702
8/1/1952	29740	57.41129032	14.11738351	15.81466277	-1.69727926
8/1/1953	29740	59.25409836	15.14116576	15.81466277	-0.673497017
8/1/1954	29740	59.2704918	15.15027322	15.81466277	-0.664389549
8/1/1955	29740	64.50833333	18.06018519	15.81466277	2.245522412
8/1/1956	29740	54.85123967	12.69513315	15.81466277	-3.119529623
8/1/1957	29740	59.63709677	15.35394265	15.81466277	-0.46072012
8/1/1958	29740	58.08064516	14.48924731	15.81466277	-1.325415461
8/1/1959	29740	62.5	16.94444444	15.81466277	1.129781672
8/1/1960	29740	59.20689655	15.11494253	15.81466277	-0.699720244
8/1/1961	29740	57.49785408	14.16547449	15.81466277	-1.649188285
8/1/1962	29740	55.47257384	13.0403188	15.81466277	-2.774343973
8/1/1963	29740	61.38589212	16.32549562	15.81466277	0.510832847
8/1/1973	29740	59.11299804	15.06277669	15.81466277	-0.751886084
8/1/1974	29740	58.52056555	14.73364753	15.81466277	-1.081015243
8/1/1975	29740	61.39256459	16.32920255	15.81466277	0.514539776
8/1/1976	29740	59.71270037	15.39594465	15.81466277	-0.418718123
8/1/1977	29740	58.67930205	14.82183447	15.81466277	-0.992828303
8/1/1978	29740	56.42619048	13.57010582	15.81466277	-2.244556953
8/1/1979	29740	60.95807007	16.08781671	15.81466277	0.273153935
8/1/1980	29740	58.3097852	14.61654733	15.81466277	-1.198115438
8/1/1981	29740	57.3060241	14.05890228	15.81466277	-1.755760497
8/1/1982	29740	60.10855064	15.61586146	15.81466277	-0.198801308
8/1/1983	29740	60.27961165	15.71089536	15.81466277	-0.103767411
8/1/1984	29740	59.19431892	15.10795495	15.81466277	-0.70670782
8/1/1985	29740	61.04945055	16.13858364	15.81466277	0.323920866
8/1/1986	29740	56.71489621	13.7304979	15.81466277	-2.084164876
8/1/1987	29740	54.48994516	12.49441398	15.81466277	-3.320248798
8/1/1988	29740	58.30089059	14.61160588	15.81466277	-1.203056892
8/1/1989	29740	58.08628181	14.49237878	15.81466277	-1.322283988
8/1/1990	29740	60.3285968	15.73810933	15.81466277	-0.076553438
8/1/1991	29740	62.0617284	16.70096022	15.81466277	0.886297447
8/1/1992	29740	59.02393462	15.01329701	15.81466277	-0.801365763
8/1/1993	29740	56.44459103	13.58032835	15.81466277	-2.234334423
8/1/1994	29740	59.9403183	15.52239906	15.81466277	-0.292263716
8/1/1995	29740	61.0107095	16.11706084	15.81466277	0.302398063
8/1/1996	29740	63.71788079	17.62104489	15.81466277	1.806382113
8/1/1997	29740	65.21621622	18.45345345	15.81466277	2.638790681
8/1/1998	29740	56.85068493	13.80593607	15.81466277	-2.0087267
8/1/1999	29740	59.90836653	15.50464807	15.81466277	-0.310014698
8/1/2000	29740	59.93326489	15.51848049	15.81466277	-0.29618228
8/1/2001	29740	61.61201629	16.45112016	15.81466277	0.63645739
8/1/2002	29740	66.90507075	19.39170597	15.81466277	3.577043202
8/1/2003	29740	60.76797195	15.98220664	15.81466277	0.167543864
8/1/2004	29740	62.03563084	16.68646158	15.81466277	0.871798806
8/1/2005	29740	60.97412935	16.09673853	15.81466277	0.282075757
8/1/2006	29740	64.859447	18.25524834	15.81466277	2.440585563
8/1/2007	29740	63.39178588	17.43988104	15.81466277	1.625218271
8/1/2008	29740	58.68118545	14.82288081	15.81466277	-0.991781966
8/1/2009	29740	61.03448276	16.1302682	15.81466277	0.315605427
8/1/2010	29740	63.76380781	17.6465599	15.81466277	1.831897124
8/1/2011	29740	62.37466186	16.87481214	15.81466277	1.06014937
8/1/2012	29740	59.660181	15.36676722	15.81466277	-0.447895553
8/1/2013	29740	62.76815516	17.09341954	15.81466277	1.278756763
8/1/2014	29740	63.09367996	17.27426665	15.81466277	1.459603874
8/1/2015	29740	62.35402609	16.86334783	15.81466277	1.048685056
8/1/2016	29740	60.628663	15.90481278	15.81466277	0.090150007
8/1/2017	29740	60.54422087	15.85790048	15.81466277	0.043237711
8/1/2018	29740	64.47228802	18.04016001	15.81466277	2.225497236
8/1/2019	29740	61.66681655	16.48156475	15.81466277	0.666901975
9/1/1952	29740	47.32173913	8.512077295	10.68068887	-2.168611575
9/1/1953	29740	49.13675214	9.520417854	10.68068887	-1.160271016
9/1/1954	29740	51.86086957	11.03381643	10.68068887	0.353127555
9/1/1955	29740	55.96460177	13.31366765	10.68068887	2.63297878
9/1/1956	29740	47.30508475	8.502824859	10.68068887	-2.177864011
9/1/1957	29740	48.88333333	9.37962963	10.68068887	-1.30105924
9/1/1958	29740	50.775	10.43055556	10.68068887	-0.250133314
9/1/1959	29740	48.02830189	8.904612159	10.68068887	-1.77607671
9/1/1960	29740	50.16814159	10.093412	10.68068887	-0.587276874
9/1/1961	29740	49.52272727	9.734848485	10.68068887	-0.945840385
9/1/1962	29740	48.88412017	9.380066762	10.68068887	-1.300622108
9/1/1963	29740	54.78813559	12.66007533	10.68068887	1.97938646
9/1/1973	29740	44.49023569	6.939019828	10.68068887	-3.741669042
9/1/1974	29740	54.12095731	12.28942073	10.68068887	1.608731858
9/1/1975	29740	55.0926766	12.82926478	10.68068887	2.14857591
9/1/1976	29740	46.88555347	8.269751928	10.68068887	-2.410936941
9/1/1977	29740	47.12484549	8.402691938	10.68068887	-2.277996932
9/1/1978	29740	47.15873996	8.421522202	10.68068887	-2.259166668
9/1/1979	29740	49.4304878	9.683604336	10.68068887	-0.997084534
9/1/1980	29740	51.54289869	10.85716594	10.68068887	0.17647707
9/1/1981	29740	50.45594578	10.25330321	10.68068887	-0.427385659
9/1/1982	29740	50.47949527	10.26638626	10.68068887	-0.41430261
9/1/1983	29740	52.81674065	11.56485591	10.68068887	0.884167045
9/1/1984	29740	49.92780241	9.959890226	10.68068887	-0.720798644
9/1/1985	29740	48.93476843	9.408204682	10.68068887	-1.272484188
9/1/1986	29740	45.07754552	7.265303064	10.68068887	-3.415385805
9/1/1987	29740	48.06653747	8.925854149	10.68068887	-1.754834721
9/1/1988	29740	52.44926569	11.36070316	10.68068887	0.68001429
9/1/1989	29740	52.75810636	11.53228131	10.68068887	0.851592439
9/1/1990	29740	47.76309227	8.757273483	10.68068887	-1.923415387
9/1/1991	29740	49.9801444	9.988969114	10.68068887	-0.691719756
9/1/1992	29740	53.65303668	12.02946482	10.68068887	1.348775953
9/1/1993	29740	43.82578875	6.56988264	10.68068887	-4.11080623
9/1/1994	29740	52.04264099	11.13480055	10.68068887	0.454111681
9/1/1995	29740	51.65020576	10.91678098	10.68068887	0.236092109
9/1/1996	29740	47.86896552	8.816091954	10.68068887	-1.864596916
9/1/1997	29740	49.07184466	9.484358145	10.68068887	-1.196330725
9/1/1998	29740	53.09465021	11.71925011	10.68068887	1.038561245
9/1/1999	29740	55.02860858	12.79367143	10.68068887	2.112982565
9/1/2000	29740	49.56197479	9.756652661	10.68068887	-0.924036209
9/1/2001	29740	53.78270042	12.10150023	10.68068887	1.420811365
9/1/2002	29740	52.05497221	11.14165123	10.68068887	0.460962355
9/1/2003	29740	52.77325228	11.54069571	10.68068887	0.860006841
9/1/2004	29740	54.16002452	12.31112474	10.68068887	1.630435866
9/1/2005	29740	53.88571429	12.15873016	10.68068887	1.478041289
9/1/2006	29740	56.603608	13.66867111	10.68068887	2.987982239
9/1/2007	29740	51.68556701	10.93642612	10.68068887	0.255737247
9/1/2008	29740	49.4409136	9.689396447	10.68068887	-0.991292423
9/1/2009	29740	55.17180205	12.87322336	10.68068887	2.192534494
9/1/2010	29740	52.69148441	11.49526912	10.68068887	0.814580248
9/1/2011	29740	55.40771734	13.00428741	10.68068887	2.323598542
9/1/2012	29740	53.09976798	11.72209332	10.68068887	1.041404453
9/1/2013	29740	53.14790698	11.74883721	10.68068887	1.06814834
9/1/2014	29740	53.6229128	12.01272933	10.68068887	1.332040464
9/1/2015	29740	54.59194313	12.55107952	10.68068887	1.870390646
9/1/2016	29740	54.47463937	12.48591076	10.68068887	1.80522189
9/1/2017	29740	52.25906736	11.25503742	10.68068887	0.574348551
9/1/2018	29740	56.35858586	13.5325477	10.68068887	2.85185883
9/1/2019	29740	51.87048334	11.03915741	10.68068887	0.358468542
10/1/1952	29740	36.19008264	2.327823691	5.661539369	-3.333715677
10/1/1953	29740	44.80327869	7.112932605	5.661539369	1.451393236
10/1/1954	29740	41.12173913	5.06763285	5.661539369	-0.593906519
10/1/1955	29740	42.29166667	5.717592593	5.661539369	0.056053224
10/1/1956	29740	40.0483871	4.471326165	5.661539369	-1.190213204
10/1/1957	29740	42.28688525	5.714936248	5.661539369	0.053396879
10/1/1958	29740	43.09677419	6.164874552	5.661539369	0.503335183
10/1/1959	29740	40.53097345	4.739429695	5.661539369	-0.922109674
10/1/1960	29740	38.14159292	3.411996067	5.661539369	-2.249543302
10/1/1961	29740	47.64444444	8.691358025	5.661539369	3.029818656
10/1/1962	29740	44.39506173	6.886145405	5.661539369	1.224606036
10/1/1963	29740	42.84716157	6.026200873	5.661539369	0.364661505
10/1/1973	29740	36.00760938	2.226449658	5.661539369	-3.435089711
10/1/1974	29740	42.30324221	5.724023451	5.661539369	0.062484082
10/1/1975	29740	40.8436542	4.913141222	5.661539369	-0.748398147
10/1/1976	29740	35.18348624	1.768603466	5.661539369	-3.892935903
10/1/1977	29740	41.75666075	5.420367081	5.661539369	-0.241172288
10/1/1978	29740	39.35661765	4.087009804	5.661539369	-1.574529565
10/1/1979	29740	39.0785124	3.932506887	5.661539369	-1.729032482
10/1/1980	29740	41.36653024	5.203627912	5.661539369	-0.457911457
10/1/1981	29740	43.15047393	6.194707741	5.661539369	0.533168372
10/1/1982	29740	40.92412935	4.957849641	5.661539369	-0.703689728
10/1/1983	29740	42.73308733	5.962826295	5.661539369	0.301286926
10/1/1984	29740	45.09229829	7.273499049	5.661539369	1.61195968
10/1/1985	29740	44.64443046	7.024683589	5.661539369	1.36314422
10/1/1986	29740	42.37922403	5.766235572	5.661539369	0.104696203
10/1/1987	29740	44.53024453	6.961246961	5.661539369	1.299707592
10/1/1988	29740	40.59698682	4.776103787	5.661539369	-0.885435581
10/1/1989	29740	41.62147239	5.34526244	5.661539369	-0.316276928
10/1/1990	29740	41.77256098	5.429200542	5.661539369	-0.232338827
10/1/1991	29740	42.42326139	5.790700773	5.661539369	0.129161404
10/1/1992	29740	33.11458949	0.619216381	5.661539369	-5.042322988
10/1/1993	29740	38.72543742	3.73635412	5.661539369	-1.925185249
10/1/1994	29740	40.76564581	4.869803225	5.661539369	-0.791736143
10/1/1995	29740	46.48331108	8.046283934	5.661539369	2.384744565
10/1/1996	29740	44.2486911	6.804828389	5.661539369	1.14328902
10/1/1997	29740	37.0913242	2.828513445	5.661539369	-2.833025924
10/1/1998	29740	42.83224115	6.017911752	5.661539369	0.356372383
10/1/1999	29740	44.42915811	6.905087839	5.661539369	1.243548471
10/1/2000	29740	47.96852792	8.871404399	5.661539369	3.209865031
10/1/2001	29740	46.61764706	8.120915033	5.661539369	2.459375664
10/1/2002	29740	33.00657501	0.559208342	5.661539369	-5.102331027
10/1/2003	29740	38.34413671	3.524520395	5.661539369	-2.137018973
10/1/2004	29740	42.13644315	5.631357305	5.661539369	-0.030182064
10/1/2005	29740	45.16413868	7.313410377	5.661539369	1.651871008
10/1/2006	29740	45.62189055	7.567716971	5.661539369	1.906177602
10/1/2007	29740	43.44888476	6.360491532	5.661539369	0.698952164
10/1/2008	29740	46.77727065	8.209594807	5.661539369	2.548055438
10/1/2009	29740	37.90152878	3.278627098	5.661539369	-2.38291227
10/1/2010	29740	41.17751479	5.098619329	5.661539369	-0.562920039
10/1/2011	29740	45.80126183	7.667367683	5.661539369	2.005828314
10/1/2012	29740	42.48831986	5.826844365	5.661539369	0.165304996
10/1/2013	29740	43.8838044	6.602113554	5.661539369	0.940574185
10/1/2014	29740	42.44638852	5.803549175	5.661539369	0.142009806
10/1/2015	29740	41.43049327	5.23916293	5.661539369	-0.422376439
10/1/2016	29740	40.11609144	4.508939688	5.661539369	-1.152599681
10/1/2017	29740	41.01844354	5.010246414	5.661539369	-0.651292955
10/1/2018	29740	44.07951807	6.710843373	5.661539369	1.049304005
10/1/2019	29740	44.52112676	6.956181534	5.661539369	1.294642165
11/1/1952	29740	27.85470085	-2.30294397	0.45649442	-2.759438389
11/1/1953	29740	34.81355932	1.563088512	0.45649442	1.106594092
11/1/1954	29740	32.05217391	0.028985507	0.45649442	-0.427508913
11/1/1955	29740	29.64035088	-1.310916179	0.45649442	-1.767410599
11/1/1956	29740	24.27433628	-4.292035398	0.45649442	-4.748529818
11/1/1957	29740	33.70588235	0.947712418	0.45649442	0.491217998
11/1/1958	29740	37.79166667	3.217592593	0.45649442	2.761098173
11/1/1959	29740	34.64761905	1.470899471	0.45649442	1.014405051
11/1/1960	29740	30.80519481	-0.663780664	0.45649442	-1.120275084
11/1/1961	29740	35.08597285	1.714429361	0.45649442	1.257934942
11/1/1962	29740	34.73728814	1.520715631	0.45649442	1.064221211
11/1/1963	29740	31.9030837	-0.053842389	0.45649442	-0.510336808
11/1/1973	29740	26.56638326	-3.018675968	0.45649442	-3.475170388
11/1/1974	29740	35.82365439	2.124252439	0.45649442	1.66775802
11/1/1975	29740	34.20949367	1.227496484	0.45649442	0.771002064
11/1/1976	29740	31.82743363	-0.095870206	0.45649442	-0.552364626
11/1/1977	29740	35.16737417	1.759652315	0.45649442	1.303157895
11/1/1978	29740	35.72321981	2.068455452	0.45649442	1.611961033
11/1/1979	29740	34.5101041	1.394502279	0.45649442	0.93800786
11/1/1980	29740	27.69522007	-2.391544408	0.45649442	-2.848038827
11/1/1981	29740	31.97203647	-0.015535292	0.45649442	-0.472029712
11/1/1982	29740	38.52285898	3.623810546	0.45649442	3.167316126
11/1/1983	29740	28.9784264	-1.678652002	0.45649442	-2.135146422
11/1/1984	29740	34.12905277	1.182807092	0.45649442	0.726312672
11/1/1985	29740	29.58027813	-1.344289928	0.45649442	-1.800784348
11/1/1986	29740	38.73831169	3.743506494	0.45649442	3.287012074
11/1/1987	29740	31.33648649	-0.368618619	0.45649442	-0.825113038
11/1/1988	29740	26.09016393	-3.283242259	0.45649442	-3.739736678
11/1/1989	29740	33.10673443	0.614852464	0.45649442	0.158358044
11/1/1990	29740	30.2028151	-0.998436056	0.45649442	-1.454930476
11/1/1991	29740	37.76520169	3.202889825	0.45649442	2.746395406
11/1/1992	29740	29.7325	-1.259722222	0.45649442	-1.716216642
11/1/1993	29740	26.52610442	-3.041053101	0.45649442	-3.497547521
11/1/1994	29740	31.14758621	-0.473563218	0.45649442	-0.930057638
11/1/1995	29740	28.09189189	-2.171171171	0.45649442	-2.627665591
11/1/1996	29740	38.21045392	3.450252178	0.45649442	2.993757758
11/1/1997	29740	32.61768707	0.343159486	0.45649442	-0.113334934
11/1/1998	29740	25.85616438	-3.413242009	0.45649442	-3.869736429
11/1/1999	29740	36.76321353	2.646229739	0.45649442	2.189735319
11/1/2000	29740	40.51952278	4.733068209	0.45649442	4.276573789
11/1/2001	29740	31.93081761	-0.038434661	0.45649442	-0.494929081
11/1/2002	29740	26.86503067	-2.852760736	0.45649442	-3.309255156
11/1/2003	29740	37.17527011	2.87515006	0.45649442	2.41865564
11/1/2004	29740	31.4769599	-0.290577831	0.45649442	-0.747072251
11/1/2005	29740	38.38741722	3.548565121	0.45649442	3.092070702
11/1/2006	29740	34.87099812	1.594998954	0.45649442	1.138504534
11/1/2007	29740	32.01214386	0.006746588	0.45649442	-0.449747832
11/1/2008	29740	36.62634283	2.570190461	0.45649442	2.113696042
11/1/2009	29740	36.6555401	2.586411168	0.45649442	2.129916748
11/1/2010	29740	28.76268797	-1.798506683	0.45649442	-2.255001103
11/1/2011	29740	39.79257541	4.329208559	0.45649442	3.872714139
11/1/2012	29740	37.79116279	3.217312661	0.45649442	2.760818242
11/1/2013	29740	38.30848089	3.504711608	0.45649442	3.048217188
11/1/2014	29740	36.0375	2.243055556	0.45649442	1.786561136
11/1/2015	29740	40.27121001	4.595116674	0.45649442	4.138622255
11/1/2016	29740	30.26266853	-0.965184152	0.45649442	-1.421678572
11/1/2017	29740	36.99119963	2.772888683	0.45649442	2.316394263
11/1/2018	29740	37.90280374	3.27933541	0.45649442	2.82284099
12/1/1952	29740	27.06896552	-2.739463602	-3.108101817	0.368638215
12/1/1953	29740	29.66935484	-1.294802867	-3.108101817	1.813298949
12/1/1954	29740	31.9338843	-0.036730946	-3.108101817	3.071370871
12/1/1955	29740	12.89166667	-10.61574074	-3.108101817	-7.507638924
12/1/1956	29740	27.83606557	-2.313296903	-3.108101817	0.794804913
12/1/1957	29740	28.35483871	-2.025089606	-3.108101817	1.083012211
12/1/1958	29740	20.09677419	-6.612903226	-3.108101817	-3.504801409
12/1/1959	29740	22.60747664	-5.218068536	-3.108101817	-2.109966719
12/1/1960	29740	31.52534562	-0.263696877	-3.108101817	2.84440494
12/1/1961	29740	22.79411765	-5.114379085	-3.108101817	-2.006277268
12/1/1962	29740	19.70124481	-6.83264177	-3.108101817	-3.724539954
12/1/1963	29740	24.3106383	-4.271867612	-3.108101817	-1.163765796
12/1/1973	29740	20.26734007	-6.518144407	-3.108101817	-3.41004259
12/1/1974	29740	33.22859025	0.682550139	-3.108101817	3.790651956
12/1/1975	29740	28.97802888	-1.678872846	-3.108101817	1.42922897
12/1/1976	29740	24.83035163	-3.983137981	-3.108101817	-0.875036164
12/1/1977	29740	25.663125	-3.520486111	-3.108101817	-0.412384294
12/1/1978	29740	9.58443189	-12.45309339	-3.108101817	-9.344991578
12/1/1979	29740	24.89547677	-3.946957349	-3.108101817	-0.838855532
12/1/1980	29740	26.45699183	-3.079448983	-3.108101817	0.028652834
12/1/1981	29740	21.26049383	-5.966392318	-3.108101817	-2.858290502
12/1/1982	29740	31.56976744	-0.239018088	-3.108101817	2.869083729
12/1/1983	29740	27.44783715	-2.528979361	-3.108101817	0.579122456
12/1/1984	29740	28.43683218	-1.979537677	-3.108101817	1.128564139
12/1/1985	29740	20.27048634	-6.516396476	-3.108101817	-3.40829466
12/1/1986	29740	19.90746861	-6.718072997	-3.108101817	-3.60997118
12/1/1987	29740	23.59932432	-4.667042042	-3.108101817	-1.558940225
12/1/1988	29740	20.76065773	-6.244079036	-3.108101817	-3.13597722
12/1/1989	29740	23.2217471	-4.876807168	-3.108101817	-1.768705351
12/1/1990	29740	30.16289039	-1.020616452	-3.108101817	2.087485364
12/1/1991	29740	29.80535714	-1.219246032	-3.108101817	1.888855785
12/1/1992	29740	32.74277108	0.412650602	-3.108101817	3.520752419
12/1/1993	29740	26.90303738	-2.831645898	-3.108101817	0.276455918
12/1/1994	29740	31.26478149	-0.408454727	-3.108101817	2.699647089
12/1/1995	29740	17.6171875	-7.990451389	-3.108101817	-4.882349572
12/1/1996	29740	22.72141919	-5.154767119	-3.108101817	-2.046665303
12/1/1997	29740	26.19193324	-3.226703755	-3.108101817	-0.118601939
12/1/1998	29740	28.38807947	-2.006622517	-3.108101817	1.1014793
12/1/1999	29740	28.18907988	-2.117177845	-3.108101817	0.990923971
12/1/2000	29740	34.16391753	1.202176403	-3.108101817	4.31027822
12/1/2001	29740	19.36852792	-7.01748449	-3.108101817	-3.909382673
12/1/2002	29740	17.42472173	-8.097376814	-3.108101817	-4.989274998
12/1/2003	29740	30.26355685	-0.964690638	-3.108101817	2.143411179
12/1/2004	29740	31.18160516	-0.454663803	-3.108101817	2.653438014
12/1/2005	29740	25.5387931	-3.589559387	-3.108101817	-0.48145757
12/1/2006	29740	37.74116047	3.189533595	-3.108101817	6.297635412
12/1/2007	29740	34.8556701	1.586483391	-3.108101817	4.694585207
12/1/2008	29740	32.76122083	0.422900459	-3.108101817	3.531002275
12/1/2009	29740	22.32150978	-5.376939013	-3.108101817	-2.268837196
12/1/2010	29740	16.08066697	-8.844073907	-3.108101817	-5.735972091
12/1/2011	29740	35.89433453	2.163519185	-3.108101817	5.271621001
12/1/2012	29740	20.01571621	-6.657935439	-3.108101817	-3.549833622
12/1/2013	29740	34.44499326	1.358329591	-3.108101817	4.466431408
12/1/2014	29740	30.32886239	-0.928409781	-3.108101817	2.179692036
12/1/2015	29740	35.89918992	2.166216622	-3.108101817	5.274318438
12/1/2016	29740	30.53697024	-0.812794309	-3.108101817	2.295307507
12/1/2017	29740	33.44504505	0.802802803	-3.108101817	3.910904619
12/1/2018	29740	28.63228916	-1.870950469	-3.108101817	1.237151348
